10.913612483198795,10.214606598011684
10.929646643338243,11.22589326220549
10.912258785373462,12.143362501278085
10.871670221971954,13.21813429074679
10.925385876564098,14.390249674885496
10.92007783631553,15.362286236319802
10.959599717005169,16.466296052140333
11.192688202196182,17.41212130320844
10.92132369021875,18.534076493712416
10.315192682156523,19.485162324256343
13.328121845345388,4.21128786589561
13.512066048701813,6.122631318702681
13.181414354066764,7.956494524898244
13.231959231884924,9.913003772620089
13.420875831258828,12.22895868423684
13.319598411648679,14.01556188361082
13.356619688279043,15.967057440192423
13.194943295246565,17.216484429891878
12.151072428784115,18.486680226734823
11.716221288518526,19.48612203103936
14.171740481788623,3.963882143712308
14.13204924935475,5.937194247695589
14.238794996827272,7.718883832753497
14.174477303579952,9.745361802068103
14.195187897222208,12.004200062874217
13.943213703729091,13.911282279484483
14.027818064421957,15.822575331077088
13.747090816932149,17.214058584853465
13.23783318651749,18.459623687603383
12.868446550703773,19.493513261721667
14.862873381326592,3.783631677584032
15.07711904244868,5.8895866256229175
15.165604887146113,7.6856055688094385
14.846722251657244,9.54327083523858
15.024225653871213,11.885330973304029
14.675598957604084,13.76955250209927
14.764782913841284,15.662142167836238
14.701144336013048,17.206682787097524
14.064545537282061,18.46723651205502
13.675025834783595,19.50425671179784
15.990679878755758,3.631593661709117
15.917574604517661,5.746188278841234
15.792327147240933,7.468236130221904
15.883362643292331,9.372890336374587
15.90817664575586,11.583616092099586
15.68517816724495,13.571906892727435
15.546939228870313,15.544888333427776
15.305515577492871,17.00775074249097
14.646849293552602,18.438957856308015
14.31674183141686,19.503580908946585
16.767445109362846,3.408607160425552
16.772987432051288,5.381504872252601
16.36450130654253,7.1795550553659595
16.43571307432911,9.090933891850096
16.557808795879204,11.211421175900272
16.499869390508778,13.353719059785021
16.30575420400251,15.373146961894754
16.39607472635228,16.84786915222231
15.681928924586083,18.46161147221561
14.867711777590284,19.505060205299984
17.36127341627199,3.1252756600484255
17.656539730980732,5.113306184453175
17.39137852643626,7.067797443000344
17.299173953920953,9.049921377594409
17.592244699929495,10.87730209008589
17.31417729844487,13.275629150623603
17.297501376406412,15.185789722995711
17.12965915951998,16.751137163079875
16.47207793196161,18.30917911171862
15.748210685484938,19.490994157363634
18.038331423272748,2.9115097107580623
18.113198494975805,4.888529520205099
18.07189602786653,6.811315036646365
18.188663816261705,8.743996029929948
18.083174357139875,10.691221009768734
18.08345944148321,12.85113279607498
18.034296048599934,15.021974080090619
17.91570628915926,16.485915361895582
17.43098899109069,18.22583204022501
17.26756470715911,19.50660556706063
18.582517522770548,2.4273335740002184
18.69344484984397,4.3581034360975215
18.650937643710208,6.2419961346013135
18.822600393367868,8.480776738299546
18.885860505487873,10.263467627370808
18.55689792011217,12.263654878949598
18.576220232640885,14.63620533039843
18.624094447710032,16.114013902082004
18.679352706402593,18.229142174283457
18.479384740432565,19.523755245836302
19.562727717193063,2.3027927495825513
19.48366126388141,4.164210644807455
19.52421232118582,6.09389166303801
19.538408294414136,8.27832958452065
19.52167069063203,9.910447456919638
19.479825938925273,11.978886806774012
19.57912298677146,14.543408923112654
19.5423592717819,15.861125503586178
19.476596871815524,17.982060841324603
19.40923463297856,19.623347525250594
